0.025 0.0 
0.075 0.0 
0.125 0.0 
0.175 0.0 
0.225 0.0 
0.275 0.0 
0.325 0.0 
0.375 0.0 
0.425 0.0 
0.475 0.0 
0.525 0.0 
0.575 0.0 
0.625 0.0 
0.675 0.0 
0.725 0.0 
0.775 0.0 
0.825 0.0 
0.875 0.0 
0.925 0.0 
0.975 0.0 
1.025 0.0 
1.075 0.0 
1.125 0.0 
1.175 0.0 
1.225 0.0 
1.275 0.0 
1.325 0.0 
1.375 0.0 
1.425 0.0 
1.475 0.0 
1.525 0.0 
1.575 0.0 
1.625 0.0 
1.675 0.0 
1.725 0.0 
1.775 0.0 
1.825 0.0 
1.875 0.0 
1.925 0.0 
1.975 0.0 
2.025 0.0 
2.075 0.0 
2.125 0.0 
2.175 0.0 
2.225 0.0 
2.275 0.0 
2.325 0.0 
2.375 0.0 
2.425 0.0 
2.475 0.0 
2.525 0.0 
2.575 0.0 
2.625 0.0 
2.675 0.0 
2.725 0.0 
2.775 0.0 
2.825 0.0 
2.875 0.0 
2.925 0.0 
2.975 0.0 
3.025 0.0319141062 
3.075 0.6984695863 
3.125 2.7189933598 
3.175 4.265259682 
3.225 4.0994731811 
3.275 3.6108229645 
3.325 3.2490542231 
3.375 2.674263339 
3.425 2.1639616384 
3.475 1.9030863837 
3.525 1.4119700616 
3.575 1.0616411548 
3.625 0.8342513028 
3.675 0.7085788606 
3.725 0.590926911 
3.775 0.6447376407 
3.825 0.5588976702 
3.875 0.5550402128 
3.925 0.5745277435 
3.975 0.5559000894 
4.025 0.8611012598 
4.075 0.9875569825 
4.125 1.0746601885 
4.175 1.0632509436 
4.225 1.1577887114 
4.275 1.2869731059 
4.325 1.3270436131 
4.375 1.3367889932 
4.425 1.1805494482 
4.475 1.0264326906 
4.525 1.1256561632 
4.575 1.1269450964 
4.625 1.0848572514 
4.675 1.2272610052 
4.725 1.3634260752 
4.775 1.4483268879 
4.825 1.4493437083 
4.875 1.4254378056 
4.925 1.2855034452 
4.975 1.085528756 
5.025 1.1334273582 
5.075 1.0248545632 
5.125 0.9382431925 
5.175 0.8698705911 
5.225 0.7965250385 
5.275 0.7605061 
5.325 0.719355241 
5.375 0.7138099393 
5.425 0.6923165384 
5.475 0.6430074445 
5.525 0.583587038 
5.575 0.599186272 
5.625 0.6027812791 
5.675 0.6173176699 
5.725 0.5805366553 
5.775 0.5920824164 
5.825 0.6084444922 
5.875 0.6235153139 
5.925 0.671908277 
5.975 0.643091132 
6.025 0.6460764075 
6.075 0.6458331697 
6.125 0.6688651277 
6.175 0.7464492686 
6.225 0.7397238249 
6.275 0.794733165 
6.325 0.8642020201 
6.375 0.9678844671 
6.425 1.1291967614 
6.475 1.2238110625 
6.525 1.3417857698 
6.575 1.3895295095 
6.625 1.418282283 
6.675 1.3996352434 
6.725 1.3823773426 
6.775 1.2930407793 
6.825 1.2664482452 
6.875 1.2400144284 
6.925 1.2741701907 
6.975 1.2254923753 
7.025 1.2718382729 
7.075 1.2561693169 
7.125 1.2067396898 
7.175 1.1760158629 
7.225 1.2118676515 
7.275 1.1417855799 
7.325 1.1254139619 
7.375 1.1213575198 
7.425 1.0875619264 
7.475 1.0734633631 
7.525 1.0239373308 
7.575 0.9889320993 
7.625 1.0158025823 
7.675 1.0106192081 
7.725 1.0088724911 
7.775 0.991478981 
7.825 0.9784819625 
7.875 1.0059427721 
7.925 0.9786245115 
7.975 0.9685111458 
8.025 0.9585730614 
8.075 0.9474280159 
8.125 0.8908847216 
8.175 0.913298492 
8.225 0.934106857 
8.275 0.9097300113 
8.325 0.9244420883 
8.375 0.890697116 
8.425 0.8763585752 
8.475 0.8763698665 
8.525 0.9019765484 
8.575 0.8798790525 
8.625 0.8908458699 
8.675 0.8961289286 
8.725 0.8844120717 
8.775 0.874653789 
8.825 0.8985193614 
8.875 0.90239895 
8.925 0.8951366018 
8.975 0.89132628 
9.025 0.9286403777 
9.075 0.960443093 
9.125 0.9405037435 
9.175 0.9185390494 
9.225 0.9447738501 
9.275 0.9497611294 
9.325 0.9654379249 
9.375 0.9720368331 
9.425 0.9766714931 
9.475 1.0026742826 
9.525 1.0305547955 
9.575 1.0291311337 
9.625 1.0914567688 
9.675 1.0571654895 
9.725 1.0783895105 
9.775 1.0833729056 
9.825 1.0877338185 
9.875 1.1170613518 
9.925 1.0996772368 
9.975 1.069489796 
